dataset,scenario,warm_time_sec,cold_time_sec,cold_over_warm,warm_basis_loads,warm_diff_updates,warm_rebuilds,warm_rebuild_ratio,cold_diff_updates,cold_rebuilds
wh_20x20-5-5-1-0,wh_20x20-5-5-1-0.scen,0.037,0.045,1.216x,0,0,2,1.000,0,2
wh_20x20-5-5-1-0,wh_20x20-5-5-1-10.scen,0.058,0.052,0.897x,0,0,1,1.000,0,1
wh_20x20-5-5-1-0,wh_20x20-5-5-1-1.scen,0.022,0.022,1.000x,0,0,1,1.000,0,1
wh_20x20-5-5-1-0,wh_20x20-5-5-1-2.scen,0.054,0.058,1.074x,0,0,2,1.000,0,2
wh_20x20-5-5-1-0,wh_20x20-5-5-1-3.scen,0.042,0.042,1.000x,0,0,1,1.000,0,1
wh_20x20-5-5-1-0,wh_20x20-5-5-1-4.scen,0.007,0.007,1.000x,0,0,2,1.000,0,2
wh_20x20-5-5-1-0,wh_20x20-5-5-1-5.scen,0.039,0.038,0.974x,0,0,1,1.000,0,1
wh_20x20-5-5-1-0,wh_20x20-5-5-1-6.scen,0.019,0.018,0.947x,0,0,1,1.000,0,1
wh_20x20-5-5-1-0,wh_20x20-5-5-1-7.scen,0.034,0.034,1.000x,0,0,1,1.000,0,1
wh_20x20-5-5-1-0,wh_20x20-5-5-1-8.scen,0.048,0.051,1.062x,0,0,1,1.000,0,1
wh_20x20-5-5-1-0,wh_20x20-5-5-1-9.scen,0.041,0.041,1.000x,0,0,1,1.000,0,1
wh_20x20-7-8-4-0,wh_20x20-7-8-4-0.scen,0.120,0.114,0.950x,0,0,1,1.000,0,1
wh_20x20-7-8-4-0,wh_20x20-7-8-4-10.scen,0.084,0.097,1.155x,0,0,1,1.000,0,1
wh_20x20-7-8-4-0,wh_20x20-7-8-4-1.scen,0.128,0.122,0.953x,0,0,1,1.000,0,1
wh_20x20-7-8-4-0,wh_20x20-7-8-4-2.scen,0.100,0.115,1.150x,0,0,1,1.000,0,1
wh_20x20-7-8-4-0,wh_20x20-7-8-4-3.scen,0.132,0.137,1.038x,0,0,1,1.000,0,1
wh_20x20-7-8-4-0,wh_20x20-7-8-4-4.scen,0.177,0.184,1.040x,1,1,2,0.667,1,2
wh_20x20-7-8-4-0,wh_20x20-7-8-4-5.scen,0.092,0.087,0.946x,0,0,1,1.000,0,1
wh_20x20-7-8-4-0,wh_20x20-7-8-4-6.scen,0.121,0.131,1.083x,0,0,1,1.000,0,1
wh_20x20-7-8-4-0,wh_20x20-7-8-4-7.scen,0.119,0.120,1.008x,0,0,1,1.000,0,1
wh_20x20-7-8-4-0,wh_20x20-7-8-4-8.scen,0.079,0.083,1.051x,0,0,1,1.000,0,1
wh_20x20-7-8-4-0,wh_20x20-7-8-4-9.scen,0.107,0.095,0.888x,0,0,1,1.000,0,1
wh_30x30-9-10-5-0,wh_30x30-9-10-5-0-0.scen,0.911,0.787,0.864x,0,0,1,1.000,0,1
wh_30x30-9-10-5-0,wh_30x30-9-10-5-0-10.scen,1.547,1.741,1.125x,1,1,3,0.750,1,3
wh_30x30-9-10-5-0,wh_30x30-9-10-5-0-1.scen,1.261,1.384,1.098x,0,0,2,1.000,0,2
wh_30x30-9-10-5-0,wh_30x30-9-10-5-0-2.scen,1.698,1.755,1.034x,1,1,3,0.750,1,3
wh_30x30-9-10-5-0,wh_30x30-9-10-5-0-3.scen,0.769,0.771,1.003x,0,0,1,1.000,0,1
wh_30x30-9-10-5-0,wh_30x30-9-10-5-0-4.scen,0.714,0.786,1.101x,0,0,1,1.000,0,1
wh_30x30-9-10-5-0,wh_30x30-9-10-5-0-5.scen,0.604,0.612,1.013x,0,0,1,1.000,0,1
wh_30x30-9-10-5-0,wh_30x30-9-10-5-0-6.scen,0.612,0.682,1.114x,0,0,1,1.000,0,1
wh_30x30-9-10-5-0,wh_30x30-9-10-5-0-7.scen,4.163,4.053,0.974x,1,1,9,0.900,1,9
wh_30x30-9-10-5-0,wh_30x30-9-10-5-0-8.scen,0.623,0.691,1.109x,0,0,1,1.000,0,1
wh_30x30-9-10-5-0,wh_30x30-9-10-5-0-9.scen,0.600,0.580,0.967x,0,0,1,1.000,0,1
wh_8x8-5-5-1-3,wh_8x8-5-5-1-0.scen,0.003,0.004,1.333x,0,0,1,1.000,0,1
wh_8x8-5-5-1-3,wh_8x8-5-5-1-10.scen,0.006,0.005,0.833x,0,0,1,1.000,0,1
wh_8x8-5-5-1-3,wh_8x8-5-5-1-1.scen,0.003,0.002,0.667x,0,0,1,1.000,0,1
wh_8x8-5-5-1-3,wh_8x8-5-5-1-2.scen,0.007,0.008,1.143x,0,0,1,1.000,0,1
wh_8x8-5-5-1-3,wh_8x8-5-5-1-3.scen,0.002,0.003,1.500x,0,0,1,1.000,0,1
wh_8x8-5-5-1-3,wh_8x8-5-5-1-4.scen,0.005,0.004,0.800x,0,0,1,1.000,0,1
wh_8x8-5-5-1-3,wh_8x8-5-5-1-5.scen,0.009,0.009,1.000x,0,0,1,1.000,0,1
wh_8x8-5-5-1-3,wh_8x8-5-5-1-6.scen,0.005,0.006,1.200x,0,0,1,1.000,0,1
wh_8x8-5-5-1-3,wh_8x8-5-5-1-7.scen,0.008,0.007,0.875x,0,0,1,1.000,0,1
wh_8x8-5-5-1-3,wh_8x8-5-5-1-8.scen,0.005,0.004,0.800x,0,0,1,1.000,0,1
wh_8x8-5-5-1-3,wh_8x8-5-5-1-9.scen,0.007,0.006,0.857x,0,0,1,1.000,0,1
wh_8x8-5-8-4-0,wh_8x8-5-8-4-0.scen,1.330,1.272,0.956x,3,3,158,0.981,3,158
wh_8x8-5-8-4-0,wh_8x8-5-8-4-10.scen,0.005,0.008,1.600x,1,1,3,0.750,1,3
wh_8x8-5-8-4-0,wh_8x8-5-8-4-1.scen,0.100,0.091,0.910x,0,0,7,1.000,0,7
wh_8x8-5-8-4-0,wh_8x8-5-8-4-2.scen,1.968,1.837,0.933x,8,8,209,0.963,8,209
wh_8x8-5-8-4-0,wh_8x8-5-8-4-3.scen,0.319,0.325,1.019x,5,5,23,0.821,5,23
wh_8x8-5-8-4-0,wh_8x8-5-8-4-4.scen,1.156,1.160,1.003x,1,1,140,0.993,1,140
wh_8x8-5-8-4-0,wh_8x8-5-8-4-5.scen,0.031,0.030,0.968x,0,0,3,1.000,0,3
wh_8x8-5-8-4-0,wh_8x8-5-8-4-6.scen,0.232,0.248,1.069x,1,1,23,0.958,1,23
wh_8x8-5-8-4-0,wh_8x8-5-8-4-7.scen,0.015,0.015,1.000x,0,0,1,1.000,0,1
wh_8x8-5-8-4-0,wh_8x8-5-8-4-8.scen,0.009,0.009,1.000x,0,0,1,1.000,0,1
wh_8x8-5-8-4-0,wh_8x8-5-8-4-9.scen,0.029,0.028,0.966x,0,0,1,1.000,0,1
